1
2
1 1 1
0
1 2 1
4
0
3 10 0.3 0.6
  0.631375  -0.671145   -1.33336  0.0570432   0.209965  -0.251373  -0.027454 -0.0948095   0.308596   0.639422
  0.459347 -0.0627856   0.957134   0.200739  -0.659196   0.288999   0.453124  0.0501694  0.0760915   0.920623
   1.63266  -0.537955   0.269484    1.66523    0.31609  -0.111544  -0.529842   0.221106  -0.469569   -0.33299
-0.113027
1
0
10 3 0.3 0.6
  0.201635  0.0314522   0.630385
  0.334898  -0.213895   0.122131
 -0.212909  -0.295951  -0.410709
 -0.169028  0.0884954  -0.369169
 -0.449096  -0.254708   0.451247
 -0.442036   0.460879  -0.210732
 0.0663053 0.00116207 -0.0741746
    0.1427  -0.145506  -0.567034
 -0.246193 -0.0974686    -0.3197
  0.104616 -0.0838977   0.460263
0.134031
1

