2
2
18 2 1
0
18 2
3
0
20 10 0.01 0.02
  -0.547937   -0.770003    0.703171  -0.0267501   -0.197129   -0.430552    0.443472     1.45978    0.557055    0.433187
    0.85297   0.0504173    -1.47124    0.492211    0.660565    0.321187    -1.03544    -1.49088   -0.894703   0.0165942
  -0.183897    0.325711    0.915722   -0.387356   0.0200396   -0.528057    0.730089     1.51645    0.760826    0.313897
   0.707304   0.0109692    -1.39002    0.405136   0.0960354    0.564689   -0.925177    -1.60016   -0.796282    0.150005
   0.998189   -0.691375    0.435669   0.0147328   0.0930654    0.896096   -0.270223    -1.09769   -0.672149    0.403807
  -0.123903  -0.0238357     0.46895   -0.179821    0.277479  -0.0940868   -0.208928    0.056468    0.666188  -0.0586033
  -0.145944   -0.279988    0.329671   0.0301073   0.0655925   -0.435322 -0.00987298   0.0416368  -0.0137472  -0.0910692
 -0.0554119    0.532076    0.247332  -0.0776125    0.019265   0.0564123    -0.43397    0.116492   -0.521337   -0.168343
  -0.372969    0.278625   0.0815562    0.408604   -0.455146  -0.0411345  -0.0163938   -0.396142   -0.228757   -0.119612
  -0.111985    0.254303   -0.234009   -0.111345   0.0506864   0.0742283   -0.201436  -0.0515159    0.117809    -0.12917
   0.234781    0.479953   -0.181729  -0.0172393    0.296144   -0.105776   0.0631488  -0.0050546   -0.346904   0.0610415
   0.355389   -0.270534    0.358889   -0.055015   -0.338212 -0.00566176   -0.250087   -0.117917    0.131496   0.0333311
    0.69649   -0.306097    0.706295    0.174564    0.506182   0.0732339    0.302382   -0.243086   -0.356473   -0.101387
  -0.173377   -0.135678    0.186676    0.105513   0.0896058    0.259477 -0.00127064   -0.165204    -0.46253   -0.320919
 -0.0679005    0.134362 -0.00289519    0.358007   0.0393961    0.294614    0.243534   -0.141439       0.121   -0.131593
 -0.0558382    0.128843   -0.145346   -0.113382    0.178272   0.0338173   -0.255315   -0.176232   0.0592317    -0.10639
    0.21909   -0.494134    0.403335    0.293191    0.456029   -0.200024    0.128411    0.453156    0.422455   0.0142461
   0.314255   -0.383358   -0.128632    0.191415   -0.152224    0.535746     0.33478    0.175692   -0.397745    0.478271
  0.0894019   -0.463719     0.11984   -0.300232     0.92256   0.0366198    0.273247   -0.179979   -0.176769     0.18001
   0.590484   -0.731542  -0.0497142     0.65238    0.268042    0.536115    0.115247    0.758722    0.640031    0.188505
-0.580982
1
0
10 2 0.01 0.02
 0.706256  -1.63284
 -1.19348   1.85709
  1.55682  -1.90712
 0.319262 -0.776904
 0.805091  0.607115
 0.620733  -1.16539
 0.722466  -1.35241
 -3.22701   2.25677
 -1.22761   1.42303
 0.254001 -0.353681
-0.310103

1
